1
93 206
1 75
2 8
2 11
2 23
2 29
2 33
2 37
2 42
2 56
2 72
3 27
4 49
5 6
5 13
5 17
5 21
5 32
5 51
5 65
6 13
6 17
6 21
6 32
6 51
6 65
7 18
7 34
7 71
8 11
8 23
8 29
8 33
8 37
8 42
8 56
8 72
9 31
9 35
9 44
9 54
9 67
10 20
10 26
10 52
10 87
10 88
11 23
11 29
11 33
11 37
11 42
11 56
11 72
12 62
13 17
13 21
13 32
13 51
13 65
14 78
15 28
15 41
15 47
15 50
15 69
15 70
15 82
15 85
15 93
16 25
17 21
17 32
17 51
17 65
18 34
18 71
19 46
19 48
19 60
20 26
20 52
20 87
20 88
21 32
21 51
21 65
22 73
23 29
23 33
23 37
23 42
23 56
23 72
24 40
26 52
26 87
26 88
28 41
28 47
28 50
28 69
28 70
28 82
28 85
28 93
29 33
29 37
29 42
29 56
29 72
30 68
31 35
31 44
31 54
31 67
32 51
32 65
33 37
33 42
33 56
33 72
34 71
35 44
35 54
35 67
36 38
36 39
36 55
36 57
36 77
36 81
36 91
37 42
37 56
37 72
38 39
38 55
38 57
38 77
38 81
38 91
39 55
39 57
39 77
39 81
39 91
41 47
41 50
41 69
41 70
41 82
41 85
41 93
42 56
42 72
43 86
44 54
44 67
45 80
46 48
46 60
47 50
47 69
47 70
47 82
47 85
47 93
48 60
50 69
50 70
50 82
50 85
50 93
51 65
52 87
52 88
53 76
54 67
55 57
55 77
55 81
55 91
56 72
57 77
57 81
57 91
58 74
59 83
63 84
64 92
66 79
69 70
69 82
69 85
69 93
70 82
70 85
70 93
77 81
77 91
81 91
82 85
82 93
85 93
87 88
89 90