30 30
-8 16 14 8 -16 -3 -20 10 -3 -4 14 -12 -15 6 1 8 19 -16 -18 10 3 14 -10 -16 8 -8 -14 3 20 11
-19 6 0 3 -10 10 -17 10 5 -10 10 -16 -18 -4 -19 -19 -18 -8 10 -17 5 -6 18 -20 17 -14 -2 7 -8 14
-1 -9 19 8 11 4 1 -5 -16 18 16 4 -20 -8 13 0 3 -13 -8 7 -19 -4 10 -19 -10 18 -9 3 -18 -13
-11 -15 8 20 4 19 -16 19 -7 8 -19 17 17 -8 1 13 -16 -18 -13 -16 15 -16 -8 -5 -10 7 -11 19 12 2
4 -13 -15 2 5 -5 6 -13 -20 3 -5 8 1 19 -6 20 15 13 -13 20 9 -3 -11 -8 19 -6 -1 3 -9 4
3 -11 12 2 -9 -19 3 -11 -18 -5 13 7 -17 -4 11 3 15 7 16 15 -12 9 -6 -4 8 -4 4 18 -13 1
5 -12 19 13 -9 -6 -7 2 16 -9 -11 2 3 -2 -16 -14 -19 10 14 -14 -16 16 -14 -6 3 6 16 13 -12 7
7 -12 -10 12 -18 6 5 2 -14 17 -4 -19 -17 17 -12 7 4 -13 6 20 0 -12 -16 -12 -4 16 6 -2 -9 -19
16 -2 -4 10 1 -8 19 -5 3 -1 -11 -18 12 -7 -13 15 5 2 -5 -15 4 4 5 10 -12 -20 -19 -6 6 -11
-9 4 11 -13 6 11 11 -1 16 8 20 14 -17 -14 1 -18 -13 -8 11 -6 2 -4 4 4 -7 -7 16 -1 9 15
-15 0 -8 19 3 -14 -10 12 -16 20 16 16 -12 19 -14 8 11 -13 13 -3 16 -10 16 14 18 -8 -14 12 -19 18
12 14 10 8 -2 -11 18 12 -11 3 -2 -14 -13 10 6 14 19 4 16 4 -1 -19 14 16 -10 8 16 -10 -13 6
17 16 -20 -5 7 -7 -16 11 -16 18 18 11 -18 4 11 10 -12 12 13 -1 -15 20 5 -9 -17 -14 -7 19 17 9
16 -7 1 -12 -10 -5 14 -6 2 -17 -15 3 20 -19 -15 -3 11 3 -12 -5 -10 13 -14 3 -18 3 4 6 -14 9
-18 -19 -16 -10 -10 -16 7 8 1 -6 -16 7 -15 -9 -19 6 9 2 9 5 -7 -3 11 -12 -18 -12 -14 19 -13 4
-14 17 -8 -7 7 -20 -7 -1 15 15 0 -9 -20 -14 -14 11 15 -2 -3 4 -15 5 8 7 12 -10 3 -2 -10 -12
-4 -5 -7 -8 14 -7 -6 -6 -18 -17 19 3 -5 19 -7 -11 -15 -3 2 11 4 9 0 17 5 -17 -15 16 -6 18
7 -7 -15 -13 -10 -4 -12 19 2 14 19 -7 7 11 -11 13 -10 6 10 17 -16 6 -15 -19 -18 8 -10 -6 5 8
20 19 -15 -3 10 16 7 4 18 -20 -12 12 -5 9 -1 -8 7 10 11 -3 -9 9 13 4 -20 -9 -10 -7 -10 -13
-2 -14 18 8 8 15 -2 -18 17 15 18 6 5 7 18 7 8 -10 0 -11 -11 -9 6 -11 15 9 8 1 1 -14
16 5 2 11 -6 5 -19 9 -13 10 -18 9 -2 -14 0 19 -16 20 0 5 7 -7 -3 14 -1 18 -19 9 6 12
20 -20 4 2 -11 19 4 20 10 8 0 -19 -4 19 12 -2 -16 1 -8 5 10 4 -13 5 4 9 -6 12 9 -8
-8 19 14 -18 20 1 13 -18 4 -18 14 20 -2 9 -5 -9 -7 -4 0 19 2 2 -11 12 -8 8 9 8 18 -20
4 15 8 12 4 -17 14 -20 -4 -4 0 -17 -17 -18 5 -1 4 -14 -16 -4 -2 -10 -13 -9 -10 -15 18 1 3 9
-16 -8 -20 -1 20 -15 -13 4 3 -9 13 -11 -15 14 15 16 -15 4 8 -3 -17 3 -20 -20 -4 -6 15 -6 10 13
-20 1 -17 -4 6 15 3 -19 -18 0 -19 -5 0 -11 -20 -8 -10 -9 17 8 13 -5 -12 4 -15 17 -2 -20 -8 18
4 -7 -9 -1 -14 12 3 -18 -13 -15 -16 -9 11 1 -1 -19 17 5 -4 1 8 8 8 1 -12 -16 2 -7 8 2
-17 13 10 18 -13 -6 -5 -20 13 -13 -16 -10 1 -4 17 -9 -1 -17 -1 18 3 -4 19 -14 -9 -7 4 -19 -4 16
13 18 15 -5 8 -1 -12 18 0 20 11 -5 16 11 -5 -9 14 -2 -1 9 -16 17 3 -13 19 -10 -10 17 -10 1
-14 19 14 13 15 16 0 14 3 20 -1 -18 5 16 -7 -19 11 0 -9 1 14 -6 9 -9 -1 2 -15 -6 8 6