20 20
11 19 14 -18 11 -8 -17 -16 1 -16 -10 6 19 9 6 11 4 -2 20 -4
-19 -11 18 -19 -8 0 -16 15 -4 -3 5 3 -15 -4 -4 -20 3 19 2 11
16 -3 8 -1 12 -15 17 12 7 -9 -12 6 -13 -18 -7 -15 12 -10 -2 16
17 -14 -5 11 -12 17 -10 1 -20 -1 -16 8 -13 18 -13 -16 14 -7 10 -19
-14 -2 2 -10 -17 19 15 -7 19 -17 -18 -12 15 6 7 9 -5 -12 1 -20
8 17 -10 1 -8 4 -20 11 -5 6 -2 16 13 -7 -3 19 17 5 -5 6
-16 11 17 3 -15 -18 3 15 17 -20 -16 6 12 -16 16 -19 14 9 -13 20
-1 -8 11 -6 -3 -8 -4 -15 -4 18 -10 -13 -5 -7 -18 -19 -4 -3 -18 -20
11 14 6 -2 -19 17 7 -18 -16 13 0 2 -6 4 5 18 6 -2 14 -1
9 20 12 7 6 -10 -3 19 14 18 9 12 -9 -14 -5 -7 -14 -14 13 -9
10 7 -6 -16 -20 -8 -10 -11 11 -13 -10 -20 -14 13 -6 20 -13 -5 0 1
-9 3 2 8 -2 11 17 -3 -20 11 2 -8 15 12 -9 -3 -11 -9 -6 6
-10 15 11 -17 3 -20 -13 13 15 8 0 20 -2 13 -2 8 2 -6 -10 -11
-15 11 13 3 -2 11 6 0 -20 -10 0 9 2 6 -20 -18 -18 -20 4 20
-8 2 14 9 10 -3 19 17 13 -9 -15 12 7 13 -4 13 -13 -15 -16 -12
-19 5 -16 -10 5 8 15 -12 20 11 -19 10 0 10 -17 11 -11 16 9 -20
12 1 -9 11 -9 -9 15 13 -4 17 11 10 6 5 11 -15 -1 16 17 -11
4 -20 -9 14 -3 12 7 -13 15 -1 -17 -2 8 5 6 5 -13 -5 -2 0
-17 -20 -17 -7 -16 7 14 1 -19 -15 20 3 -19 6 18 15 -19 3 16 -13
-17 19 -20 -9 14 -15 -1 -18 -17 6 8 20 17 7 -1 -18 -1 10 -19 11